resources\wikidata_queries\working\F2.rq 1
116827015801
resources\wikidata_queries\working\F1.rq 1
29198777299
resources\wikidata_queries\working\F3.rq 1
96999566200
resources\wikidata_queries\working\F4.rq 1
82041925699
resources\wikidata_queries\working\S2.rq 1
8565168301
resources\wikidata_queries\working\S3.rq 1
21590639099
resources\wikidata_queries\working\S4.rq 1
23178934801
resources\wikidata_queries\working\S1.rq 1
1523000700
resources\wikidata_queries\working\F6.rq 1
72601913000
resources\wikidata_queries\working\F5.rq 1
90844874299
resources\wikidata_queries\working\L2.rq 1
13081501799
resources\wikidata_queries\working\L1.rq 1
84864138799
resources\wikidata_queries\working\L3.rq 1
30823221200
resources\wikidata_queries\working\L4.rq 1
99663814300
resources\wikidata_queries\working\F2.rq 10
114128108200
8468800
6197699
6628000
6312500
6089800
7103600
7581900
9229699
10318100
resources\wikidata_queries\working\F1.rq 10
92376984099
8574700
6905399
6331701
6077499
6868801
7613501
8285501
8055400
9738399
resources\wikidata_queries\working\F3.rq 10
70661847400
6970301
4576001
5080900
5259000
4069900
3770500
3312600
3889500
3405300
resources\wikidata_queries\working\F4.rq 10
61045526101
6418800
6493901
3566700
6994900
3583800
3230300
3676000
3621700
2615300
resources\wikidata_queries\working\S2.rq 10
8742000099
1179799
1097200
870400
720199
820101
614000
758299
870000
648401
resources\wikidata_queries\working\S3.rq 10
20921150699
837799
1017000
707700
976400
1067301
807301
819400
857699
843600
resources\wikidata_queries\working\S4.rq 10
14730534999
1453100
1093400
983400
879800
768200
1067200
899399
1039000
1047999
resources\wikidata_queries\working\S1.rq 10
28146765400
2193600
1224200
954801
820099
996100
874301
894600
686900
909699
resources\wikidata_queries\working\F6.rq 10
62041728599
6236600
5925900
4689800
4558700
4545199
4178700
4477700
6093499
4360500
resources\wikidata_queries\working\F5.rq 10
103678402700
21824400
5991299
5802700
4329300
3312001
3277400
3759601
3085400
3606300
resources\wikidata_queries\working\L2.rq 10
17233963700
5290500
4831000
4358900
3862200
3919000
4136401
3607200
3367999
2578700
resources\wikidata_queries\working\L1.rq 10
87533577600
7299799
6346201
4500900
3813201
4318200
3412900
4174799
3423600
3828700
resources\wikidata_queries\working\L3.rq 10
38445581699
7079999
3933499
3693500
3623300
2884301
2986601
3294501
4109500
5089500
resources\wikidata_queries\working\L4.rq 10
80282500100
18668300
14421800
9802000
7332001
8131701
9730799
9210801
11827101
14102201
resources\wikidata_queries\working\F2.rq 9
187429011399
7384300
6706900
5968100
8487999
9715501
9836401
13822900
15735200
resources\wikidata_queries\working\F1.rq 10
153300105600
13534600
9211100
5953999
6635000
8200701
7276901
8783099
8624800
12681800
resources\wikidata_queries\working\F3.rq 10
38308654500
5884600
6995900
10899600
4571100
5481000
4533301
4568900
3380200
3270501
resources\wikidata_queries\working\F4.rq 10
220319062200
5630800
5692600
4193400
4102500
3498600
3270599
4988600
3176100
3226100
resources\wikidata_queries\working\S2.rq 10
143578194601
965100
887599
1011800
600900
970501
766300
783000
891100
597700
resources\wikidata_queries\working\S3.rq 10
187888369300
872900
1240100
1197100
921600
840300
640100
1174100
712300
786299
resources\wikidata_queries\working\S4.rq 10
21989479899
972100
1363700
785699
1033800
1245201
854100
847200
898600
1008301
resources\wikidata_queries\working\S1.rq 9
200792318700
1154200
1039400
776000
752900
826900
853701
761299
712200
resources\wikidata_queries\working\F6.rq 10
91255734799
7716299
5728400
5172700
4989200
4644600
5244400
4545300
4734600
3438299
resources\wikidata_queries\working\F5.rq 10
98288383201
20803300
6566800
5386100
3972400
4838000
3595399
3878699
6670300
4290001
resources\wikidata_queries\working\L2.rq 10
12168338799
6827701
4958800
4734600
9126900
3634900
4422401
3953200
3314001
3901200
resources\wikidata_queries\working\L1.rq 9
138532264000
6162800
4813999
4569601
3330600
3579000
3440300
3458700
3833000
resources\wikidata_queries\working\L3.rq 10
232337537701
10249400
5642600
3393499
3250099
3978300
5262900
3502099
3022600
3467700
resources\wikidata_queries\working\L4.rq 9
168907241300
25591800
11249501
7655900
8271100
10118200
10671900
11521100
17738801
resources\wikidata_queries\working\F2.rq 10
189277526699
9101601
6829900
6746900
6037300
7386100
22051399
9616400
10457200
16252200
resources\wikidata_queries\working\F1.rq 9
40034466299
5788000
5206200
7950500
5944100
6382900
6141701
7527800
21601400
resources\wikidata_queries\working\F3.rq 10
51073893201
5204401
5848199
4635799
4575699
4545500
3573000
6160101
9460900
5631001
resources\wikidata_queries\working\F4.rq 10
70915161901
6408800
8963899
3414900
4239401
3348100
3617900
5430001
3275899
3073999
resources\wikidata_queries\working\S2.rq 10
7202308099
675500
974000
792600
658001
1855399
1717800
1347800
691200
895201
resources\wikidata_queries\working\S3.rq 9
21776891700
1017399
1148199
995801
841399
1071899
719200
701300
1470100
resources\wikidata_queries\working\S4.rq 10
18547394701
1318300
1077599
1043200
1416100
1021500
882001
870400
1511000
780001
resources\wikidata_queries\working\S1.rq 10
67698106500
8066999
1308000
1391001
1630700
1411200
1100200
1022500
2551200
1199199
resources\wikidata_queries\working\F6.rq 10
97052720700
13096701
12187200
4836301
4834200
14029200
9320200
6630800
13785599
4890700
resources\wikidata_queries\working\F5.rq 9
261617774399
7789599
10408300
4412900
4422300
4624000
4167999
3494800
4025200
resources\wikidata_queries\working\L2.rq 10
213602943101
4559100
5586401
4766000
3573299
4106900
3948200
3814301
4271800
3496699
resources\wikidata_queries\working\L1.rq 10
150542195400
6231799
4397701
4466601
3763699
5493000
3856000
3299699
7569700
5607799
resources\wikidata_queries\working\L3.rq 10
28943293799
6774000
4573900
3448601
3047700
4578000
3041000
3277301
3626100
4104899
resources\wikidata_queries\working\L4.rq 10
223025436200
32460900
23902801
13596501
7830999
8149900
9710700
8180801
17056100
27295699
